      0/99     2.42G   0.02623   0.00425         0   0.03048        14       512    0.8639     0.671    0.7868    0.3525   0.09022    0.0059         0
      1/99     2.54G   0.01663  0.002219         0   0.01885         8       512      0.95     0.814     0.928    0.5294   0.08238  0.005249         0
      2/99     2.54G    0.0168  0.002209         0   0.01901        10       512    0.7719    0.7257    0.7777    0.4089   0.08992  0.005032         0
      3/99     2.54G   0.01567  0.002118         0   0.01779         4       512    0.9218    0.8085    0.8995    0.5136   0.08469  0.003735         0
      4/99     2.54G   0.01349  0.001839         0   0.01533        12       512    0.9141    0.8511    0.8867    0.5223    0.0838  0.003375         0
      5/99     2.54G   0.01278  0.001725         0    0.0145         9       512    0.9297    0.8743    0.9128    0.5288   0.08289  0.003427         0
      6/99     2.54G   0.01235  0.001636         0   0.01399        17       512    0.9279    0.8454    0.8915    0.5406   0.08315  0.003305         0
      7/99     2.54G   0.01307  0.001699         0   0.01477        10       512    0.9026    0.8742    0.9236    0.5347   0.07832  0.003498         0
      8/99     2.54G    0.0131  0.001582         0   0.01468        14       512     0.946    0.8029    0.8838    0.5202     0.079  0.003617         0
      9/99     2.54G    0.0126  0.001588         0   0.01419         6       512    0.9507    0.7886    0.8862    0.5313   0.07894  0.003573         0
     10/99     2.54G   0.01239  0.001512         0    0.0139        13       512    0.9461    0.9029    0.9381     0.568   0.07803  0.003239         0
     11/99     2.54G   0.01296  0.001582         0   0.01454        13       512    0.9296    0.9054    0.9364    0.5611   0.08293  0.003108         0
     12/99     2.54G   0.01229  0.001541         0   0.01383         2       512    0.9377    0.8596    0.9079    0.5536   0.07832   0.00377         0
     13/99     2.54G   0.01201  0.001504         0   0.01351        12       512    0.9587    0.8743    0.9353    0.5785   0.07804  0.003587         0
     14/99     2.54G   0.01172  0.001455         0   0.01318        11       512    0.9656    0.8857    0.9389    0.5939   0.07933  0.003608         0
     15/99     2.54G   0.01205  0.001507         0   0.01356        15       512    0.9306    0.8886    0.9128    0.5527    0.0796  0.003478         0
     16/99     2.54G    0.0119   0.00144         0   0.01334         6       512    0.9667    0.9171    0.9625    0.6095   0.08113  0.003607         0
     17/99     2.54G   0.01108  0.001414         0    0.0125         6       512    0.9544    0.8971    0.9338    0.5786   0.07854  0.003423         0
     18/99     2.54G   0.01173  0.001442         0   0.01317        17       512    0.9109    0.8486    0.8845    0.5638   0.07892  0.003765         0
     19/99     2.54G   0.01225    0.0015         0   0.01375         8       512    0.9692    0.9029    0.9589    0.6093   0.07724  0.003474         0
     20/99     2.54G    0.0116   0.00143         0   0.01303        10       512     0.967    0.9199    0.9551    0.5927   0.07733  0.003631         0
     21/99     2.54G   0.01184  0.001444         0   0.01329         8       512    0.9563      0.94    0.9662    0.6143   0.07695  0.003569         0
     22/99     2.54G    0.0112  0.001399         0    0.0126         7       512    0.9613    0.9224    0.9519     0.597   0.07723  0.003584         0
     23/99     2.54G   0.01112  0.001368         0   0.01249         8       512     0.943    0.8029    0.8442    0.5323   0.07772  0.004687         0
     24/99     2.54G    0.0113  0.001382         0   0.01269         6       512     0.947    0.8686    0.9193    0.5858   0.07747  0.003611         0
     25/99     2.54G   0.01125  0.001379         0   0.01263         4       512    0.9612    0.8514     0.906    0.5675   0.07757  0.003917         0
     26/99     2.54G   0.01099  0.001371         0   0.01236         9       512    0.9726      0.92    0.9566    0.6026   0.07733  0.003442         0
