     0/149     1.07G   0.02859  0.004354         0   0.03295         8       512     0.835       0.7    0.7941    0.3771    0.1124  0.005836         0
     1/149     4.33G   0.01785  0.002308         0   0.02016        11       512    0.9062    0.6524    0.8195    0.4426    0.1091  0.005671         0
     2/149     4.33G   0.01619  0.001937         0   0.01813        11       512    0.9613      0.81     0.865    0.4856    0.1078  0.004746         0
     3/149     4.33G   0.01507  0.001788         0   0.01685         4       512    0.9844     0.805     0.848    0.4799    0.1077  0.004382         0
     4/149     4.33G   0.01435   0.00164         0   0.01599         5       512    0.8954    0.6846     0.748    0.3814    0.1091  0.004951         0
     5/149     4.33G   0.01426  0.001608         0   0.01587         9       512    0.9501    0.8175     0.847    0.4981    0.1063  0.004278         0
     6/149     4.33G   0.01326  0.001511         0   0.01477         4       512    0.9766    0.8375    0.8498    0.4977    0.1063  0.004544         0
     7/149     4.33G   0.01398  0.001598         0   0.01558         8       512    0.9418      0.77     0.784    0.4602    0.1073  0.005203         0
     8/149     4.33G   0.01334   0.00148         0   0.01482        11       512    0.9647    0.8225    0.8402    0.4711    0.1066  0.004311         0
     9/149     4.33G   0.01263  0.001473         0    0.0141         7       512    0.9582    0.8025    0.8399     0.507    0.1061  0.004371         0
    10/149     4.33G   0.01235  0.001429         0   0.01378         8       512    0.9739      0.84     0.861    0.5085    0.1054   0.00452         0
    11/149     4.33G   0.01272  0.001413         0   0.01413        11       512    0.9508    0.8225    0.8248    0.4779    0.1068  0.004769         0
    12/149     4.33G   0.01273  0.001394         0   0.01412        12       512    0.9736      0.83    0.8451    0.4939    0.1062  0.005335         0
    13/149     4.33G   0.01184  0.001363         0    0.0132         7       512    0.9824      0.84    0.8569    0.5097    0.1053   0.00499         0
    14/149     4.33G   0.01237  0.001384         0   0.01375        19       512    0.9532     0.815    0.8503    0.4883    0.1062  0.004232         0
    15/149     4.33G   0.01261  0.001361         0   0.01397         6       512    0.9607    0.8549    0.8987    0.5418    0.1057  0.004137         0
    16/149     4.33G   0.01184  0.001351         0   0.01319        10       512    0.9561    0.8175    0.8512    0.5126    0.1058  0.004725         0
    17/149     4.33G   0.01196  0.001336         0   0.01329         7       512    0.9824      0.84    0.8876    0.5417    0.1053  0.004467         0
    18/149     4.33G   0.01218  0.001326         0   0.01351        10       512    0.9882      0.84    0.8573    0.5238    0.1059   0.00458         0
    19/149     4.33G   0.01264  0.001328         0   0.01397         8       512    0.9796      0.84    0.8663    0.5342    0.1057  0.004677         0
    20/149     4.33G    0.0117  0.001319         0   0.01302         7       512    0.9799    0.8525     0.894    0.5563    0.1051  0.004136         0
    21/149     4.33G   0.01169  0.001303         0   0.01299        10       512    0.9743    0.8525    0.8734     0.527    0.1056  0.004455         0
    22/149     4.33G    0.0118  0.001295         0   0.01309        11       512    0.9882     0.835    0.8751    0.5497    0.1053   0.00433         0
    23/149     4.33G   0.01167  0.001303         0   0.01297         9       512    0.9715    0.8525    0.9126    0.5488    0.1056  0.004027         0
    24/149     4.33G   0.01171  0.001309         0   0.01302         6       512    0.9682      0.84     0.862    0.5535    0.1053   0.00482         0
    25/149     4.33G   0.01197  0.001282         0   0.01325         7       512    0.9773    0.8599    0.8726    0.5507    0.1048  0.004642         0
    26/149     4.33G   0.01154  0.001286         0   0.01283         4       512    0.9826    0.8475    0.8777    0.5345     0.105  0.004487         0
    27/149     4.33G   0.01149  0.001284         0   0.01277        11       512    0.9575     0.845    0.9321    0.5399    0.1057  0.003679         0
    28/149     4.33G    0.0122  0.001272         0   0.01347         9       512    0.9827      0.85     0.886    0.5451    0.1053  0.004179         0
    29/149     4.33G   0.01117  0.001278         0   0.01245         2       512    0.9855     0.855    0.8864    0.5315    0.1055  0.004283         0
    30/149     4.33G   0.01161  0.001248         0   0.01286        10       512    0.9734     0.825    0.8725    0.5261    0.1056   0.00444         0
    31/149     4.33G   0.01123  0.001277         0   0.01251         5       512    0.9799    0.8525    0.8743    0.5313    0.1055  0.004687         0
    32/149     4.33G   0.01127  0.001262         0   0.01253         5       512    0.9801     0.865    0.8802    0.5613    0.1046  0.004542         0
    33/149     4.33G   0.01231  0.001282         0   0.01359         9       512    0.9827    0.8525    0.8734    0.5338    0.1052  0.004644         0
    34/149     4.33G   0.01159  0.001273         0   0.01286        19       512    0.9745      0.86    0.8993    0.5722    0.1048  0.004334         0
    35/149     4.33G    0.0109  0.001257         0   0.01216         9       512    0.9855    0.8525     0.899    0.5613    0.1047  0.004428         0
    36/149     4.33G   0.01189  0.001376         0   0.01327         4       512    0.9719    0.8725    0.9449    0.5914    0.1056  0.003849         0
    37/149     4.33G   0.01192  0.001336         0   0.01326         7       512    0.9884     0.855    0.8996    0.5586    0.1069   0.00441         0
    38/149     4.33G   0.01155  0.001289         0   0.01284        14       512    0.9742      0.85    0.8857    0.5451     0.108  0.004473         0
    39/149     4.33G   0.01174  0.001288         0   0.01303        12       512    0.9828    0.8575    0.8986    0.5246    0.1062  0.004377         0
    40/149     4.33G   0.01169  0.001308         0     0.013         9       512    0.9884      0.85     0.904    0.5497    0.1054   0.00432         0
    41/149     4.33G    0.0135  0.001493         0   0.01499        17       512    0.9535    0.8225    0.8585    0.5335    0.1057  0.004312         0
    42/149     4.33G   0.01213  0.001359         0   0.01348         8       512    0.9793    0.8275     0.862    0.5186    0.1053  0.004512         0
    43/149     4.33G   0.01179  0.001303         0   0.01309         6       512     0.957     0.835    0.8708    0.5394    0.1051  0.004528         0
    44/149     4.33G   0.01143  0.001293         0   0.01272         5       512    0.9436    0.8375    0.8614    0.5268    0.1057  0.004448         0
    45/149     4.33G   0.01106  0.001269         0   0.01233         6       512    0.9763      0.83      0.87    0.5266     0.105  0.004591         0
    46/149     4.33G   0.01168   0.00128         0   0.01296         6       512    0.9682    0.8375    0.8575    0.5307     0.105  0.004727         0
    47/149     4.33G   0.01119  0.001267         0   0.01246         6       512    0.9569    0.8325     0.858    0.5307    0.1052  0.004586         0
    48/149     4.33G   0.01113  0.001258         0   0.01239         7       512    0.9767    0.8375    0.8599    0.5214     0.105  0.004746         0
    49/149     4.33G    0.0114  0.001262         0   0.01266        14       512    0.9826    0.8475    0.8615    0.5176    0.1052   0.00487         0
    50/149     4.33G   0.01118  0.001266         0   0.01245        14       512    0.9798      0.85    0.8561    0.5202    0.1053  0.004733         0
    51/149     4.33G   0.01196  0.001256         0   0.01322         8       512    0.9796    0.8425    0.8582    0.5357     0.105  0.004823         0
