      0/24      2.5G   0.02974  0.004489         0   0.03422         9       512    0.8115    0.9067    0.8878    0.5074   0.06902  0.005898         0
      1/24      2.5G   0.01739  0.002423         0   0.01981         9       512    0.9489      0.96    0.9739    0.5574   0.06929  0.005529         0
      2/24      2.5G   0.01619  0.002116         0   0.01831         8       512     0.928    0.8267    0.9306    0.5689   0.06509  0.005633         0
      3/24      2.5G   0.01635  0.002272         0   0.01863        12       512     0.872    0.8667    0.9253    0.5532   0.06439  0.005067         0
      4/24      2.5G   0.01472  0.002086         0   0.01681        13       512    0.9409    0.8533    0.9483    0.5969   0.06385  0.004366         0
      5/24      2.5G   0.01354  0.001894         0   0.01543         9       512     0.988    0.8267    0.9347    0.5915   0.06392  0.004001         0
      6/24      2.5G   0.01272  0.001756         0   0.01448         8       512    0.9755      0.93     0.958    0.6095   0.06325  0.003537         0
      7/24      2.5G   0.01278  0.001664         0   0.01444        12       512    0.9819      0.91    0.9615    0.6078   0.06324   0.00333         0
      8/24      2.5G   0.01247  0.001621         0   0.01409         6       512    0.9636     0.883    0.9535     0.594   0.06319   0.00342         0
      9/24      2.5G    0.0122   0.00162         0   0.01382        10       512    0.9687    0.9299    0.9734    0.6388    0.0626  0.002934         0
     10/24      2.5G   0.01183  0.001601         0   0.01343         7       512    0.9773    0.8767    0.9323    0.6159   0.06254  0.003391         0
     11/24      2.5G   0.01122  0.001533         0   0.01276         6       512    0.9767    0.8366     0.936    0.6077   0.06283  0.003374         0
     12/24      2.5G   0.01078   0.00151         0   0.01229         6       512    0.9786    0.9233    0.9662     0.629   0.06262  0.002959         0
